64742	75118	6	27
64742	75119	57	77
64743	75118	5	26
64743	75121	50	71
64744	75118	4	25
64744	75119	52	72
64745	75124	6	27
64745	75125	60	81
64746	75126	11	32
64747	75128	8	29
64747	75129	62	83
64748	75130	8	29
64748	75131	53	74
64749	75132	7	28
64749	75133	63	84
64750	75132	8	29
64750	75135	58	79
64751	75136	14	35
64751	75137	51	72
64752	75138	14	35
64752	75139	56	77
64753	75140	14	36
64753	75141	51	72
64754	75142	6	28
64754	75143	47	69
64755	75144	14	35
64755	75145	49	71
64756	75146	16	38
64756	75147	54	76
64757	75148	19	40
64757	75147	62	84
64758	75150	8	30
64758	75151	44	65
64759	75152	8	29
64759	75153	46	66
64760	75154	15	36
64760	75155	53	74
64761	75156	9	30
64761	75157	45	65
64762	75158	7	28
64762	75159	44	65
64763	75160	13	34
64763	75159	50	71
64764	75162	14	34
64764	75163	52	73
64765	75164	10	31
64765	75165	49	70
64766	75166	12	32
64766	75167	47	67
64767	75168	10	31
64767	75169	51	71
64768	75170	14	35
64768	75171	54	75
64769	75172	4	25
64769	75173	42	63
64770	75174	6	27
64770	75175	47	68
64771	75176	8	28
64771	75177	44	65
64772	75178	6	27
64772	75179	47	68
64773	75180	6	26
64773	75181	46	67
64774	75182	11	33
64774	75183	48	69
64775	75183	48	69
64775	75184	9	30
64776	75186	11	33
64776	75187	50	71
64777	75188	49	70
64778	75189	9	31
64778	75190	52	73
64779	75191	22	43
64779	98428	80	101
64780	75192	13	34
64780	75193	50	71
64781	75194	13	34
64781	75195	48	69
64782	75196	11	32
64782	75197	47	67
64783	75198	10	33
64783	75199	51	73
64784	75200	11	32
64784	75199	52	74
64785	75202	11	33
64785	75203	48	70
64786	75203	48	70
64787	75205	13	35
64787	75206	51	72
64788	75205	13	35
64788	75206	51	72
64789	75209	13	35
64789	75210	50	71
64790	75211	50	72
64791	75138	10	31
64791	75213	53	74
64907	75384	24	44
64907	75385	67	88
64911	75392	7	28
64912	75393	48	69
64912	96296	9	31
64913	75394	6	27
64915	75397	6	28
64915	75398	47	68
64924	75414	44	65
64925	75415	5	25
64925	75416	49	70
64926	75417	6	27
64926	75418	44	65
64927	75419	7	29
64927	75420	47	68
64928	75421	6	27
64928	75422	46	67
64932	75429	7	29
64932	75430	43	65
64933	75431	47	66
64934	75432	24	47
64934	75433	66	87
64935	75432	32	55
64935	75435	72	93
64936	75432	31	54
64937	75437	22	44
64937	75438	63	84
64938	75439	27	49
64938	75440	66	87
64939	75441	22	43
64939	75442	64	85
64940	75443	39	61
64940	75444	77	98
64941	75445	36	58
64941	96298	76	96
64942	75446	27	48
64942	75447	65	86
64943	75448	23	46
64943	75449	67	87
64944	75450	27	48
64944	75451	66	87
64945	75452	35	56
64945	75453	71	92
64946	75392	25	46
64946	75455	62	83
64947	75397	31	53
64947	75398	70	91
64948	75458	26	48
64948	75459	65	86
64949	75460	65	86
64950	75461	33	54
64950	96300	72	92
64951	75462	34	55
64951	75463	71	91
64952	75464	66	87
64953	75465	26	47
64953	96301	63	83
64954	75466	71	91
64954	96302	31	53
64955	75443	24	46
64955	75468	64	85
64956	75469	30	51
64956	75470	71	92
64957	75471	27	47
64958	75472	19	40
64958	98430	58	79
64959	75473	35	57
64960	75474	25	45
64960	75475	68	89
64961	75474	25	45
64961	75477	67	88
64962	75478	21	41
64962	75479	62	83
64963	75480	25	46
64963	75481	65	87
64964	75482	31	52
64964	75483	69	89
64965	75484	26	47
64965	75485	68	89
64966	75486	7	31
64966	75487	53	75
65004	75535	21	42
65004	75536	57	78
65092	75649	5	26
65092	75650	62	82
65093	75651	6	27
65093	75652	62	83
65094	75653	53	74
65095	75654	20	41
65095	75655	58	79
65096	75656	20	41
65096	75657	58	80
65097	75658	19	40
65097	75659	61	81
65098	75660	17	38
65098	75661	55	76
65099	75662	15	36
65099	75663	51	72
65100	75664	14	35
65100	75665	53	74
65101	75664	25	46
65101	75665	62	83
65102	75665	53	74
65102	75664	15	36
65103	75670	15	36
65103	75671	55	76
65104	75672	50	70
65105	75673	15	36
65105	75674	55	76
65106	75675	23	44
65106	75676	59	80
65107	75677	53	74
65108	75677	59	80
65109	75679	17	39
65109	75680	56	77
65110	75679	23	45
65111	75682	59	81
65112	75683	10	32
65112	75684	57	78
65113	75685	23	44
65113	75686	62	82
65114	75687	17	38
65114	75688	59	80
65115	75689	16	36
65115	75690	52	74
65116	75691	27	48
65116	75692	61	81
65117	75693	15	36
65117	75694	52	71
65118	75695	16	38
65118	75696	54	75
65119	75697	54	74
65120	75698	54	75
65121	75698	53	74
65122	75700	16	38
65122	75701	58	79
65123	75702	16	38
65123	75703	55	76
65124	75702	16	38
65124	75703	53	74
65125	75702	16	38
65125	75703	55	76
65126	75708	15	38
65126	75709	53	74
65127	75670	17	38
65127	75711	54	75
65128	75712	15	35
65128	75713	52	73
65129	75714	23	44
65129	75715	57	78
65130	75415	15	35
65130	75717	57	78
65131	75718	8	29
65132	75719	15	37
65132	75720	49	70
65133	75683	23	45
65133	75722	63	84
65134	75723	21	42
65134	75724	57	78
65135	75725	15	37
65135	75726	56	76
65136	75727	16	37
65136	75728	51	72
65137	75729	15	36
65137	75730	51	72
65138	75731	53	74
65139	75732	15	36
65139	75733	50	71
65140	75734	15	36
65140	75735	54	75
65141	75736	15	35
65141	75737	54	74
65142	75738	15	36
65143	75739	21	42
65143	75740	55	76
65144	75741	15	36
65145	75742	15	35
65145	75743	53	74
65146	75744	53	74
65195	75793	42	63
65299	75989	5	26
65299	75990	44	66
65300	75653	46	67
65330	76023	4	27
65330	76024	43	64
65331	75445	16	38
65373	75672	52	72
65378	75741	15	36
65378	76118	51	72
65380	76121	12	32
65380	76122	52	73
65381	76123	16	37
65381	76124	54	75
65382	75419	17	39
65382	76126	56	77
65383	76127	16	37
65383	76128	54	75
65384	76129	6	28
65384	76130	44	66
65385	75197	49	69
65386	75478	19	39
65386	76133	62	83
65388	76136	13	35
65388	76137	50	71
65389	76138	13	35
65389	76139	46	67
65390	76140	7	28
65390	76141	39	60
65391	76142	51	73
65391	96342	14	35
65392	76143	7	28
65392	76144	45	66
65393	76145	14	34
65393	76146	48	69
65394	76147	13	33
65394	76148	51	72
65395	76149	17	38
65395	76150	59	80
65396	75164	14	35
65396	76152	52	73
65406	76164	6	27
65406	76165	45	67
65408	76168	5	28
65408	76169	42	63
65410	76172	7	28
65410	76173	50	71
65412	76176	56	77
65412	96344	16	38
65414	96345	29	50
65414	96346	68	89
65415	76181	11	32
65415	76182	47	69
65416	76183	8	29
65416	76184	43	65
65417	76185	6	27
65417	76186	44	66
65418	76187	6	27
65418	76188	44	65
65419	76189	43	63
65419	98447	5	25
65420	76190	9	30
65420	76191	44	64
65421	76192	48	69
65422	76193	6	25
65422	76194	42	64
65423	76195	42	64
65424	76196	6	27
65424	76197	44	66
65425	76198	12	33
65425	76199	42	63
65426	76200	40	61
65427	76201	7	28
65427	76202	44	64
65428	76203	7	28
65428	76204	45	66
65429	76205	5	26
65429	76206	43	64
65430	76207	6	26
65430	76208	44	65
65431	76209	5	26
65431	76210	40	61
65432	76211	49	70
65432	98448	8	29
65433	76212	11	32
65433	96347	47	67
65434	76213	7	28
65445	76233	16	37
65445	76234	58	79
65446	76235	18	39
65446	76236	57	79
65447	76237	48	69
65448	76238	19	39
65448	76239	61	83
65449	76240	23	43
65449	76241	61	82
65450	76242	16	37
65450	76243	51	71
65451	76244	60	79
65452	76245	11	31
65452	76246	47	67
65453	76247	16	38
65453	76248	55	76
65454	76249	25	46
65454	76250	63	84
65455	76251	26	47
65455	76252	61	81
65456	76253	16	37
65456	76254	50	72
65457	76255	6	27
65457	76256	42	63
65458	76257	15	37
65458	76258	50	72
65459	76259	16	38
65459	76260	52	73
65465	76269	66	87
65467	76272	16	38
65468	76273	18	39
65468	96351	54	75
65469	76274	20	42
65775	76727	57	76
65780	76734	15	36
65780	76735	50	71
66062	77042	10	31
66063	77043	17	39
66063	77044	53	75
66064	77045	11	32
66064	77046	48	68
66066	77049	14	36
66066	77050	55	76
66135	77154	6	28
66135	77155	49	70
66136	77156	6	28
66136	77157	44	65
66249	77274	71	92
66253	77280	51	72
66259	77288	16	37
66263	77294	18	39
66321	77370	20	40
66321	77371	63	84
66323	77373	64	85
66325	77376	50	71
66326	77376	52	73
66327	77378	17	38
66331	77383	14	35
66331	77384	58	79
66333	77387	15	37
66333	77388	47	68
66996	78138	54	76
66997	78139	50	70
66998	78140	62	83
66998	98543	24	45
66999	78141	8	29
66999	78142	48	68
67000	78143	8	29
67001	78144	9	30
67001	78145	46	67
67002	78146	4	25
67002	78147	46	66
67003	78148	49	70
67650	78832	14	34
67650	78833	52	72
67651	78834	52	73
67652	78835	39	58
67652	78836	76	97
67653	78837	16	37
67653	78838	50	71
67654	78839	16	36
67656	78841	9	31
67656	78842	46	67
67657	78843	28	49
67657	78844	64	83
67658	78845	30	52
67659	78846	16	37
67659	78847	57	78
67660	78848	14	36
67660	78849	62	82
67661	78850	48	69
67662	78851	50	71
67662	98554	14	35
67663	78852	56	77
67664	78853	14	35
67664	78854	51	72
67665	78855	24	44
67665	78856	64	85
67666	78857	36	58
67667	78858	14	36
67667	78859	51	72
67668	78858	20	42
67668	78859	57	78
67669	78862	34	56
67670	78863	54	74
67671	78864	14	37
67671	78865	51	72
67672	78866	14	35
67672	78867	52	73
67673	78868	55	76
67674	78864	14	37
67674	78865	51	72
67675	78871	16	37
67675	78872	54	75
67676	78873	15	35
67676	78874	53	74
67677	78875	14	36
67677	78876	51	72
67678	78877	13	34
67678	78878	51	72
67679	78879	15	35
67679	78880	52	73
67680	78881	16	37
67680	78882	53	75
67681	78883	16	37
67681	78884	53	73
67682	78885	41	61
67683	78886	51	72
67684	78887	15	36
67685	78888	16	37
67685	78889	54	75
67686	78890	24	46
67686	78891	62	84
67687	78892	16	37
67687	78893	53	73
67688	78894	15	36
67688	78895	54	75
67689	78896	54	75
67690	78897	54	75
67691	78898	16	35
67691	78899	54	75
67692	78894	6	27
67692	78901	43	64
67693	78902	55	78
67694	78903	16	37
67694	78904	56	73
67695	78887	7	28
67696	78906	16	37
67696	78907	54	74
67697	78908	14	33
67697	78909	51	72
67698	78910	16	37
67698	78911	53	73
67699	78903	16	37
67699	78904	61	78
67700	78908	16	35
67700	78909	53	74
67701	78894	20	41
67701	78917	57	78
67702	78918	55	76
67703	78897	54	75
67704	78920	16	37
67704	78921	54	75
67705	78922	15	36
67705	78923	53	74
67706	78924	14	33
67707	78925	16	38
67707	78926	61	78
67708	78925	16	38
67708	78926	61	78
67709	78923	54	75
67710	78930	33	53
67710	78931	70	91
67711	78932	13	35
67711	78933	52	73
67712	78934	14	35
67712	78935	51	72
67713	78936	16	36
67713	78937	52	73
67714	77294	23	44
66263	96369	53	74
67715	78939	6	28
67715	98555	46	68
67716	78940	13	34
67717	78941	15	36
67717	78942	51	72
67718	78943	37	54
67718	78944	72	94
67719	78943	36	53
67719	78944	71	93
67720	78947	71	91
67720	96370	35	56
67721	78948	56	76
67722	78949	26	48
67722	78950	61	83
67723	78951	20	40
67723	78952	55	76
67724	78953	10	31
67725	78954	59	79
67725	96371	22	44
67726	78954	54	74
67726	96371	17	39
67727	78954	54	74
67727	96371	17	39
67732	78962	20	41
67732	78963	57	78
68039	79291	16	37
68039	79292	54	74
68040	79293	9	30
68040	96377	49	70
68041	79294	55	76
68042	79295	25	46
68042	79296	63	84
68055	76202	50	70
68055	98561	12	32
68056	79321	51	72
68082	79372	61	81
68083	79373	61	81
68084	79374	16	36
68085	79375	16	36
68086	79376	20	41
68086	79377	61	82
68087	79378	61	81
68088	79379	16	37
68088	79380	55	76
68089	79381	61	83
68090	79382	61	79
68091	79383	16	36
68092	79384	61	82
68092	96380	26	47
68093	79385	61	80
68094	79386	52	70
68095	79387	16	34
68096	79388	16	34
68097	79389	16	38
68098	79390	16	35
68099	79391	22	43
68099	79392	61	81
68100	79393	61	81
68101	79394	60	81
68101	96381	25	46
68102	79395	61	81
68103	79396	61	80
68104	79397	16	39
68105	79398	25	47
68105	79399	61	82
68106	79400	61	79
68107	79401	16	37
68107	79402	55	76
68108	79403	16	36
68109	79404	61	81
68110	79405	62	84
68111	79406	61	82
68112	79407	16	36
68113	79408	16	38
68113	79409	53	74
68114	79410	16	36
68115	79411	16	37
68115	96382	55	76
68116	79412	61	79
68117	79413	61	82
68118	79414	16	37
68119	79415	16	36
68120	79416	25	46
68120	79417	61	82
68121	79418	16	36
68122	79413	61	82
68123	79420	24	45
68123	79421	61	84
68124	79422	22	44
68124	79423	61	82
68125	79422	22	44
68125	79423	61	82
68126	79426	16	37
68126	79427	56	76
68127	79428	16	35
68128	79429	16	37
68129	79430	16	40
68129	79431	79	97
68130	79432	61	81
68131	79433	16	36
68132	79434	16	37
68133	79435	61	82
68134	79436	61	80
68135	79413	61	82
68135	79437	25	46
68136	79439	61	83
68137	79440	16	37
68138	79441	16	38
68139	79442	61	82
68140	79443	61	79
68141	79444	16	38
68142	79445	61	81
68143	79446	61	81
68144	79447	16	40
68145	79448	16	35
68146	79449	16	36
68147	79450	40	62
68148	79451	16	40
68149	79452	61	80
68150	79453	54	76
68151	79454	18	39
68151	79455	61	82
68152	79456	16	37
68152	79457	56	77
68153	79458	25	46
68153	79459	61	82
68154	79460	16	37
68155	79461	16	38
68156	79462	61	84
68157	79463	61	80
68158	79464	61	81
68159	79465	61	81
68160	79466	16	38
68161	79467	16	37
68161	79468	54	74
68162	79469	15	35
68162	79470	52	73
68163	79471	61	79
68164	79472	16	37
68165	79473	23	44
68165	79474	61	81
68166	79475	22	42
68166	79476	61	82
68167	79477	61	82
68168	79478	16	36
68169	79479	16	35
68169	79480	54	75
68170	79481	61	79
68171	79482	61	83
68172	79483	61	82
68173	79484	16	38
68174	79485	61	83
68175	79486	61	84
68176	79487	16	40
68177	79488	61	83
68178	79489	61	81
68179	79490	16	39
68180	79491	16	37
68180	96385	51	72
68181	79492	61	82
68182	79493	61	79
68183	79494	61	79
68184	79495	61	79
68185	79496	16	36
68186	79497	16	34
68187	79498	61	82
68188	79499	16	36
68189	79500	16	37
68190	79501	61	81
68190	96386	21	45
68191	79502	25	46
68191	79503	61	82
68192	79504	51	74
68193	79505	61	81
68194	79502	25	46
68194	79503	61	82
68195	79508	15	36
68196	79509	16	37
68196	79510	55	76
68197	79511	13	33
68198	79512	16	36
68198	79513	51	72
68199	79514	16	37
68199	79515	51	72
68200	79516	61	82
68201	79517	43	63
68202	79518	61	81
68203	79519	61	83
68204	79520	61	85
68205	79521	61	82
68205	96387	22	43
68206	79522	16	37
68206	96388	52	72
68207	79523	48	70
68208	79524	16	38
68208	79525	53	74
68275	79626	52	73
68275	98564	15	36
68276	79627	42	64
68277	79628	29	51
68277	79629	68	88
68278	79630	43	65
68279	79631	27	49
68279	79632	61	83
68280	79633	1	19
68280	79634	65	85
68281	79635	42	63
68282	79636	42	61
68283	79637	16	37
68284	79638	13	33
68285	79639	11	32
68286	79640	15	36
68286	96390	51	72
68287	79641	48	71
68288	79642	24	45
68288	79643	64	86
68289	79644	15	35
68289	96391	53	74
68290	79645	17	41
68290	79646	57	79
68291	79647	14	35
68292	79648	30	51
68292	79649	69	91
68293	79650	65	86
68293	96392	29	50
68294	79635	41	62
68295	79644	15	35
68295	96394	53	74
68296	79653	49	70
68297	79654	18	40
68298	79655	20	39
68299	79656	18	39
68300	79657	56	76
68301	79658	7	28
68302	79659	11	32
68303	79660	24	45
68810	80312	69	89
68811	80313	20	42
69103	80683	10	32
69103	80684	45	64
69204	80836	11	34
69205	80837	11	32
69206	80838	52	73
69207	80839	45	65
69208	78951	20	40
69208	78952	55	76
69209	80842	11	32
69209	80843	48	69
69210	80844	47	68
69211	80845	11	31
69212	80846	11	32
69213	80847	11	31
69213	80848	46	67
69214	80849	46	67
69215	80850	10	34
69215	80851	54	75
69216	80852	49	69
69217	80853	11	32
69217	80854	45	65
69218	80855	11	32
69218	80856	50	71
69219	80857	11	33
69219	80858	57	78
69220	80859	49	69
69221	80860	11	32
69234	80884	11	32
69234	80885	68	89
69235	80886	11	32
69235	80887	43	64
69236	80888	1	20
69236	80889	66	86
69237	80890	48	69
69238	80891	43	62
69239	80892	11	31
69239	96408	46	67
69240	80893	47	68
69241	80894	11	32
69241	80895	41	62
69242	80896	49	68
69243	80897	45	67
69244	80898	11	32
69245	80899	46	67
69380	81048	51	70
69381	81049	2	26
69382	81050	57	79
69383	81051	4	23
69384	81052	10	31
69384	78952	44	65
69418	81091	47	68
69419	81092	15	36
69420	81093	56	78
69421	81094	15	36
69422	81095	51	72
69422	98585	14	33
69423	81096	15	36
69424	81097	15	38
69424	98586	50	70
69425	81098	60	80
69426	81099	47	69
69427	81099	47	69
69428	81099	47	69
69429	81099	47	69
69430	81103	13	34
69431	81104	55	75
69432	81105	54	75
69438	81111	4	24
69921	81740	56	76
69921	98588	30	47
69922	81741	15	35
69923	81742	41	62
69924	81743	14	34
69925	81744	62	84
69926	81745	48	74
69927	81746	61	83
69961	81795	1	22
69961	81796	69	90
69963	81799	1	26
69963	81800	54	75
69966	81803	69	88
69966	98589	1	17
69968	81805	1	21
69968	81806	52	71
69969	81807	47	69
69969	98590	1	24
69971	81809	5	24
69973	93234	63	82
69973	98591	4	25
69974	81812	57	78
69976	81814	81	102
69976	98593	2	23
69977	81815	82	102
69977	98594	50	70
69978	81816	62	81
69978	98595	1	23
69982	81820	9	30
69983	81821	13	33
69984	81822	6	26
69985	81823	90	111
69986	81824	4	24
69987	81825	8	27
69988	81826	4	24
69989	81827	8	28
69989	81828	52	69
69990	81829	12	31
69993	81834	53	74
69994	81835	29	50
69995	81836	51	72
69995	96410	12	32
69996	81836	52	73
69997	81838	47	67
69998	81839	16	37
69999	81840	86	108
70000	81840	70	92
70001	81842	53	71
70002	81843	14	37
70003	81844	32	53
70004	81845	10	31
70005	81846	48	69
70006	81847	49	69
70007	81848	52	68
70008	81849	62	83
70009	81850	15	36
70010	81851	75	95
70011	81851	73	93
70012	81851	73	93
70013	81851	77	97
70014	81851	77	97
70015	81851	56	76
70016	81851	39	59
70017	81851	66	86
70018	81859	52	73
70019	81860	20	41
70019	96412	53	74
70020	81861	51	72
70021	81862	5	26
70022	81863	51	69
70023	81863	59	77
70024	81863	54	72
70025	81863	63	81
70026	81863	52	70
70027	81868	55	80
70028	81869	45	65
70029	81870	11	29
70030	81871	40	61
70030	96413	74	97
70031	81872	4	30
70032	81873	41	62
70033	81874	24	44
70034	81875	5	25
70035	81876	24	44
70036	81877	18	41
70037	81878	28	50
70038	81879	35	56
70039	81880	22	42
70040	81881	44	64
70041	81882	14	31
70042	81883	54	75
70042	96414	15	37
70043	81884	5	23
70044	81885	14	35
70045	81886	13	34
70046	81887	10	31
70047	81888	15	35
70048	81889	14	35
70049	81890	87	108
70050	81891	13	35
70051	81892	12	32
70052	81893	5	22
70053	81894	67	88
70054	81895	13	35
70055	81896	20	45
70056	81897	76	100
70058	81899	21	42
70059	81899	16	37
70060	81899	29	50
70061	81899	17	38
70061	96416	71	93
70062	81903	18	34
70063	81904	12	31
70064	81905	6	22
70065	81906	27	43
70066	81907	47	68
70066	96417	8	31
70067	81908	47	68
70068	81909	39	60
70069	81909	39	60
70070	81909	39	60
70071	81909	11	32
70072	81913	50	71
70073	81914	15	31
70075	81916	33	49
70076	81917	9	28
70077	79647	14	35
70078	81919	30	51
70079	81920	45	65
70080	81921	3	27
70080	98596	43	62
70081	81922	5	26
70082	81923	3	24
70083	81923	6	27
70083	96419	40	61
70088	81929	11	34
70088	81930	49	71
70089	81931	55	72
70089	96420	15	36
70090	81932	80	101
70090	96421	41	61
70289	82131	14	35
70290	82132	14	35
70290	96422	49	71
70292	82134	53	70
70293	82135	51	69
70295	82137	57	77
70296	82138	61	84
70705	82804	1	22
70706	82805	1	21
70707	82806	1	22
70884	83010	40	61
70885	83011	39	61
70886	83012	30	50
70887	83013	1	23
70888	83013	1	23
71790	84034	42	60
71791	79636	42	61
71792	84034	42	60
71793	84037	36	53
71794	84038	49	66
71925	84192	12	32
71926	84193	16	36
71926	84194	49	70
71927	84195	12	32
71928	84196	12	34
71928	84197	49	68
71929	84198	46	67
71930	84199	49	70
71931	84200	13	34
71931	84201	50	71
71932	84202	12	33
71932	84203	47	66
73547	85913	48	69
73548	85914	26	44
73549	85915	33	52
74030	86462	2	21
74031	86463	61	83
74032	86464	1	23
74171	86636	8	29
74175	86643	13	34
74175	86644	49	69
74176	86645	21	42
74176	86646	58	79
74177	86647	14	34
74177	86648	51	71
74178	86649	51	71
74179	86650	8	29
74796	87428	54	75
74797	87429	18	41
74797	87430	59	79
74798	87431	16	37
75953	88843	43	64
75954	88844	42	62
76455	89421	54	72
76531	89499	4	24
77541	90835	6	25
77542	90836	45	66
77543	90836	42	63
77544	90838	46	66
77544	94140	13	32
77545	90839	45	67
77546	90839	44	66
77547	90839	44	66
77548	90842	9	28
77549	90842	9	28
77550	90844	51	71
77550	94141	13	33
77551	90845	47	68
77551	94142	12	33
77552	90846	10	31
77553	90847	49	65
77554	90848	7	27
77554	94143	42	63
77555	90849	52	74
77556	90850	10	29
77557	90851	10	31
77557	90852	46	67
77558	90853	11	33
77558	94144	47	68
77559	90854	5	27
77560	90855	9	30
77560	94145	47	68
77561	90857	44	64
77562	90857	44	64
77563	90860	4	26
77564	90861	8	31
77565	90862	10	31
77566	90863	34	52
77567	90864	45	67
77568	90865	10	31
77569	90866	52	74
77570	90867	10	32
77570	94146	49	70
77571	90868	48	69
77572	90869	7	30
77573	90870	48	71
77574	90871	10	32
77575	90872	60	81
77575	94147	12	32
77576	90873	10	30
77576	96447	46	70
77577	90874	10	28
77578	90875	49	70
77579	90876	4	28
77580	90877	49	71
77581	90878	13	34
77581	90879	48	69
77582	90880	49	72
77582	94148	12	33
77583	90881	10	31
77584	90882	50	71
77585	90883	6	29
77586	90884	49	70
77587	90885	10	31
77588	90886	51	73
77589	90887	49	70
77589	94149	12	33
77590	90888	10	30
77591	90889	45	66
77591	94150	11	32
77592	90890	50	72
77593	90891	50	71
77593	94151	12	32
77594	90892	54	75
77595	90893	52	72
77596	90894	8	29
77596	94152	49	69
77597	90895	10	31
77597	94153	58	79
77598	90896	50	71
77598	94154	13	33
77599	90896	50	71
77599	94154	13	33
77600	90898	10	31
77601	90899	54	75
77601	94157	13	34
77602	94157	11	32
77602	90899	52	73
77603	90901	10	32
77604	90902	10	32
77604	94159	52	72
77605	90903	10	31
77606	90904	10	31
77607	90905	10	31
77608	90906	60	82
77609	90907	10	28
77610	90908	54	75
77611	90909	9	25
77612	90910	12	33
77613	90911	10	31
77614	90912	10	33
77615	90913	43	64
77615	94160	5	26
77616	90914	10	32
77617	90915	15	37
77617	90916	51	72
77618	90839	44	66
77619	90918	10	32
77620	90919	10	31
77621	90920	60	78
77622	90921	54	74
77622	94161	11	33
77623	90922	11	27
77624	90923	52	73
77625	90924	18	42
77625	90925	62	83
77626	90924	14	38
77626	90925	58	79
77627	90923	52	73
77628	90924	18	42
77628	90925	62	83
77629	90923	52	73
77630	90932	10	32
77631	90933	9	27
77632	90934	4	20
77633	90935	10	31
77634	90936	10	33
77634	96449	44	66
77635	90937	8	30
77636	90938	10	32
77636	90939	50	72
77637	90940	16	37
77637	90941	53	73
77638	90894	9	30
77638	94152	50	70
77639	90943	44	63
77639	94164	7	29
77640	90944	53	75
77641	90945	46	66
77641	94165	9	33
77642	90946	44	61
77643	90947	14	33
77643	96450	47	69
77644	90948	46	68
77644	96451	9	30
77645	90949	10	32
77646	90950	1	22
77647	90951	10	30
77647	94166	45	66
77648	90952	11	27
77649	90953	10	27
77650	90894	9	30
77652	90956	46	65
77652	96452	8	30
77653	90957	8	30
77654	90958	49	70
77655	90959	10	32
77656	90959	10	32
77657	90961	13	34
77657	90962	54	75
77658	90963	1	17
77659	90964	13	34
77659	90965	50	70
77660	90966	9	30
77661	90966	8	29
77662	90968	10	34
79210	93081	11	28
79211	93082	11	27
79212	93083	11	26
79213	93084	11	35
79214	93085	52	68
79215	93086	11	27
79216	93087	11	30
79217	93088	45	62
79218	93089	11	32
79219	93090	69	86
79220	93091	11	27
79221	93092	11	28
79222	93093	11	27
79223	93094	11	28
79224	93095	65	81
79225	93096	11	28
79226	93097	56	74
79227	93098	54	71
79228	93099	32	47
79229	93100	11	28
79230	93101	48	66
79231	93102	11	30
79232	93103	11	28
79233	93104	11	27
79234	93105	11	28
79235	93106	55	71
79236	93107	11	27
79237	93108	38	55
79238	93109	11	27
79239	93110	43	63
79240	93111	50	70
79241	93112	42	59
79242	93113	43	62
79243	93114	11	28
79244	93115	59	76
79245	93116	11	27
79246	93117	70	91
79247	93118	11	29
79248	93119	41	58
79249	93120	35	51
79250	93121	44	66
79251	93122	11	27
79252	93123	35	53
79253	93124	11	28
79254	93125	11	30
79255	93126	11	29
79256	93127	33	48
79257	93128	71	89
79258	93129	30	45
79259	93130	11	26
79260	93131	28	44
79261	93132	11	31
79261	93133	54	75
79262	93134	34	54
79263	93135	11	31
79264	93136	56	73
79265	93137	11	27
79266	93138	11	30
79267	93139	39	57
79268	93140	37	54
79269	93141	11	28
79270	93142	11	27
79271	93143	11	27
79272	93144	64	81
79273	93145	35	52
79274	93146	11	31
79275	93147	33	48
79276	93148	42	59
79277	93149	11	31
79278	93150	40	57
79279	93151	11	28
79280	93152	11	27
79281	93153	11	28
79282	93154	11	27
79283	93155	11	29
79284	93156	41	57
79285	93157	40	57
79286	93158	11	29
79287	93159	67	85
79288	93160	11	26
79289	93161	43	61
79290	93162	77	95
79291	93163	11	28
79292	93164	30	46
79357	81746	61	83
79358	81746	61	83
79359	93234	63	82
79360	81868	55	80
79361	81868	55	80
79363	85913	48	69
79364	81851	73	93
79365	81851	73	93
79366	81851	73	93
79368	93152	11	27
79369	93103	11	28
79381	93265	22	44
79381	93266	66	88
79382	93267	16	36
79382	98747	42	62
79383	93268	12	33
79383	93269	51	70
79384	93270	51	74
79385	93271	42	61
79386	93272	52	72
79387	93273	14	35
79388	93274	16	37
79388	93275	53	76
79389	93276	15	37
79389	93277	53	75
79390	93278	51	71
79391	93279	19	40
79391	93280	60	82
79392	93281	10	31
79392	98748	50	72
79393	93282	52	73
79394	93283	16	37
79394	94170	47	68
79395	93284	66	87
79396	93285	58	79
79396	98749	23	44
79397	93286	16	35
79398	93287	14	35
79398	93288	50	71
79399	93289	23	42
79399	93290	58	78
79431	93349	58	79
79433	93352	28	48
79434	93353	47	65
79435	93354	4	22
79436	93355	64	87
79437	93356	1	18
79438	93357	75	92
79439	93358	38	56
79440	93359	1	21
79441	93360	49	65
79442	93361	69	89
79443	93362	3	24
79444	93363	14	35
79445	93364	59	79
79446	93365	60	80
79447	93366	21	42
79448	93367	55	78
79449	93368	21	41
79449	93369	58	80
79450	93370	21	42
79450	94171	59	80
79451	93371	25	42
79452	93372	29	49
79453	93373	9	30
79453	93374	45	66
79454	93375	9	29
79456	93377	40	63
79457	93378	60	81
79458	93379	15	37
79460	93381	9	30
79461	93382	12	34
79461	93383	43	64
79463	93385	39	60
79463	94172	3	24
79464	93386	9	28
79464	93387	69	90
79465	93388	6	28
79465	93389	44	65
79466	93390	14	35
79466	93391	50	72
79467	93392	9	30
79467	93393	45	66
79468	93394	50	70
79468	94173	15	36
79469	93395	15	36
79470	93396	48	68
79471	93397	6	27
79472	93398	55	76
79473	93399	35	58
79474	93400	60	81
79474	94174	15	35
79475	93401	10	31
79475	93402	50	71
79476	93403	10	32
79477	93404	15	37
79477	94175	56	77
79478	93405	6	29
79478	93406	44	67
79519	93448	1	20
79520	93449	1	22
79528	93462	36	54
79529	93462	36	54
79530	93464	93	114
79531	93465	46	67
79531	93466	86	107
79532	93467	5	26
79533	93468	71	92
79534	93469	63	82
79535	93470	12	33
79536	93471	63	83
79537	93472	23	44
79537	94585	59	80
79538	93472	22	43
79538	94585	58	79
79539	93474	63	84
79540	93475	21	42
79541	93474	61	82
79542	93477	20	45
79543	93478	52	71
79544	93479	19	39
79545	93480	55	75
79546	93481	53	73
79546	94587	15	36
79547	93482	51	72
79548	93483	52	74
79549	93484	62	83
79549	94588	13	35
79550	93485	51	72
79551	93469	50	69
79552	93487	50	71
79553	93488	12	33
79553	94589	47	67
79554	93489	11	31
79555	93490	45	66
79555	98752	8	28
79556	93491	8	28
79556	93492	43	63
79557	93489	6	26
79558	93494	37	58
79559	93495	33	55
79701	93638	25	46
79701	98757	64	85
79702	93639	58	79
79703	93640	66	87
79704	93641	61	83
79705	93642	59	80
79706	93643	23	44
79707	93644	62	83
79708	93645	57	78
79708	94600	23	42
79709	93646	60	81
79710	93647	23	44
79710	94601	65	85
79711	93648	23	45
79712	93649	63	85
79712	94602	23	43
79713	93650	23	45
79795	93734	13	34
79795	96464	39	60
79796	93735	47	68
79796	96465	10	31
79797	93736	58	77
79797	96466	16	37
79798	93736	58	77
79798	96466	16	37
79799	93738	54	76
79800	93739	55	79
79801	93739	55	79
79857	79423	60	81
79857	96389	21	40
79858	93936	60	77
79859	93937	22	41
79860	94119	22	43
79860	94120	61	82
79861	94121	23	45
79861	94122	60	81
80134	81890	45	66
80134	96469	7	28
80135	81877	4	27
80136	94605	4	23
80137	93937	31	50
80138	94607	58	76
80139	81899	3	24
80140	94609	11	32
80141	94610	12	29
80142	94611	39	56
80143	94612	39	55
80144	94613	52	71
80145	94614	54	75
80146	94615	43	64
80147	94616	16	36
80148	94617	13	34
80148	94618	49	69
80149	94619	2	21
80150	94620	53	74
80151	94621	15	36
80152	94622	50	71
80153	94623	6	22
80154	94624	44	64
80155	94625	46	67
80156	94626	7	26
80157	94627	4	21
80158	94628	49	70
80159	94629	7	28
80160	94630	65	84
80161	94631	51	71
80161	96471	12	32
80162	94632	8	25
80163	94633	10	31
80164	94634	56	76
80165	94633	5	26
80166	94636	40	60
80167	94637	43	63
80168	94637	43	63
80169	94639	56	76
80170	94640	4	25
80171	94641	65	86
80172	94642	83	99
80173	94643	49	65
80174	94644	9	25
80175	94645	43	60
80176	94646	8	29
80176	94647	44	64
80177	94648	8	29
80177	94649	43	64
80178	94650	63	79
80179	94651	61	80
80180	94652	39	60
80181	94653	5	25
80182	94653	4	24
80183	94655	5	26
80184	94656	11	30
80184	96472	47	68
80185	94657	48	64
80186	94658	46	68
80187	94659	5	24
80188	94660	3	22
80189	94661	4	20
80190	94662	6	22
80191	94663	43	64
80192	94664	9	27
80193	94665	3	24
80194	94666	12	33
80195	94667	46	68
80196	94668	9	29
80197	94669	7	28
80198	94670	35	57
80199	94671	40	56
80200	94672	12	32
80201	94673	16	37
80202	94674	45	65
80203	94674	55	75
80203	96473	16	38
80204	94676	42	63
80205	94677	5	22
80206	94678	4	25
80207	94679	46	63
80208	94680	52	73
80209	94681	45	65
80210	94682	49	70
80211	94683	58	75
80212	94683	8	25
80213	94685	57	78
80214	94686	13	33
80214	94687	45	66
80215	94688	37	58
80216	94689	45	66
80217	94690	48	69
80218	94691	50	71
80219	94692	5	21
80220	94693	47	68
80221	90956	59	78
80222	94695	2	23
80223	94695	4	25
80224	94697	7	28
80225	94698	4	25
80226	94699	45	66
80227	94700	37	54
80228	94701	5	25
80229	94702	44	64
80230	94703	1	17
80231	96476	44	65
80232	94705	39	55
80233	94706	64	83
80234	94707	31	50
80235	94708	5	21
80236	94709	54	72
80237	94710	4	21
80238	94711	6	26
80239	94712	65	86
80240	94713	52	73
80241	94714	46	67
80242	94715	58	74
80243	94716	52	72
80244	94717	52	73
80245	94718	5	25
80246	94719	40	61
80247	94720	3	19
80248	94721	6	27
80249	94722	42	59
80250	94723	1	17
80251	94724	54	70
80252	94725	1	21
80253	94726	58	79
80254	94727	13	34
80255	94728	55	76
80256	94729	3	20
80257	94730	51	70
80258	94731	61	80
80259	94732	32	51
80260	94733	9	25
80261	94734	18	39
80262	94734	18	39
80263	94734	18	39
80264	94737	8	29
80265	94738	15	36
80266	94739	49	70
80267	94740	14	35
80268	94741	7	24
80269	94742	15	36
80270	94743	2	18
80271	94744	5	29
80272	94745	50	75
80273	94746	6	23
80274	94747	9	28
80274	94748	42	63
80275	94749	4	25
80276	94750	9	30
80277	94751	55	75
80278	94752	7	27
80279	94753	6	27
80279	94754	42	63
80280	94755	7	27
80281	94756	54	75
80282	94757	8	29
80283	94758	56	77
80284	94759	6	27
80284	94760	50	70
80285	94761	33	50
80286	94762	28	44
80287	94763	6	22
80288	94764	9	30
80289	94765	36	52
80290	94766	7	27
80291	94767	37	53
80292	94768	46	67
80292	96477	10	31
80293	94769	2	21
80294	94770	2	22
80294	96478	68	88
80295	94771	15	34
80296	94772	1	22
80297	94773	1	22
80298	94774	39	60
80299	94775	35	55
80352	94876	47	66
80370	94896	60	81
80371	94897	84	106
80372	94898	10	32
80373	94899	46	67
80374	94900	8	31
80375	94901	3	25
80376	94902	4	27
80637	95241	40	61
80637	98768	1	23
80638	95242	15	34
80638	95243	50	71
80639	95244	10	28
80640	95245	51	71
80641	95246	10	31
80642	95247	60	81
80643	95248	2	22
80643	95249	35	57
80644	95250	1	22
80644	95251	48	67
80645	95252	9	31
80645	95253	67	88
80646	95254	42	65
80647	95255	10	31
80648	95256	50	71
80649	95257	53	75
80650	95258	11	29
80650	95259	47	68
80651	95260	1	22
80651	95261	43	63
80652	95262	11	33
80653	95263	1	20
80654	95264	3	26
80654	95265	43	63
80655	95266	15	33
80655	95267	46	66
80656	95266	15	33
80656	95267	46	66
80657	95270	10	29
80658	95271	10	31
80658	95272	50	71
80659	95273	10	31
80659	95274	52	74
80660	95275	10	31
80661	95276	10	31
80661	95277	45	65
80662	95278	10	32
80663	95279	1	23
80664	95280	37	59
80665	95281	14	35
80665	95282	49	70
80666	95283	9	31
80667	95284	10	31
80667	95285	47	68
80668	95286	6	27
80668	95287	43	64
80669	95288	10	28
80669	95289	45	66
80670	95290	10	33
80671	95291	50	71
80672	95292	10	31
80672	95293	44	65
80673	95294	10	32
80673	95295	46	71
80674	95296	10	30
80674	95297	52	72
80675	95298	3	24
80675	95299	46	66
80676	95300	1	23
80676	95301	48	70
80677	95302	14	35
80677	95303	56	78
80678	95304	39	60
80679	95305	8	29
80679	95306	47	68
80680	95307	10	31
80680	95308	46	66
80681	95309	51	71
80682	95310	2	23
80683	95311	58	78
80684	95312	46	67
80685	95313	10	30
80685	95314	44	65
80686	95315	13	34
80686	95316	50	71
80687	95317	10	31
80688	95318	9	30
80689	95318	10	31
80690	95320	5	27
80690	95321	42	62
80691	95322	4	25
80692	95323	10	32
80693	95324	50	72
80694	95325	14	35
80694	95326	50	71
80695	95327	4	29
80695	95328	48	69
80696	95329	10	32
80697	95330	12	33
80697	95331	52	72
80698	95332	52	73
80699	95333	55	76
80700	95334	10	31
80701	95335	1	22
80701	95336	39	59
80702	95337	14	36
80702	95338	53	75
80703	95339	37	58
80704	95340	10	32
80704	95341	46	68
80705	95342	10	31
80705	95343	51	71
80706	95344	5	26
80706	95345	51	72
80707	95346	10	31
80708	95347	10	31
80708	95348	53	76
80709	95349	49	71
80710	95350	10	31
80710	95351	46	67
80711	95352	10	31
80711	95353	41	66
80712	95354	3	24
80712	95355	39	58
80713	90958	49	70
80714	95357	11	33
80714	95358	49	70
80715	95359	10	31
80715	95360	47	68
80716	95361	10	31
80717	95362	10	34
80718	95363	10	32
80718	95364	52	73
80719	95365	9	29
80719	95366	40	61
80720	95367	9	30
80720	95368	48	70
80721	95369	15	36
80721	95370	54	76
80722	95371	10	27
80723	95372	6	28
80723	95373	45	62
80724	95374	9	30
80724	95375	57	77
80725	95376	11	32
80725	95377	44	65
80726	95378	10	31
80726	95379	48	69
80727	95380	10	31
80727	95381	46	68
80728	95382	12	33
80728	95383	54	75
80729	95384	10	31
80729	96487	46	69
80730	95385	10	31
80730	95386	42	62
80731	95387	1	21
80732	95388	53	74
80733	95389	4	25
80733	95390	46	66
80734	95391	60	81
80735	95392	1	23
80735	95393	39	60
80736	95395	33	54
80737	95396	7	30
80737	95397	59	80
80738	95398	7	28
80739	95399	11	33
80739	95400	59	79
80740	95401	13	33
80740	95402	58	79
80741	95403	1	23
80741	95404	37	58
80742	95405	2	22
80742	95406	34	55
80743	95407	2	24
80743	95408	43	67
80744	95409	10	31
80745	95410	10	32
80746	95411	10	31
80746	95412	42	63
80747	95413	9	31
80747	95414	43	63
80748	95415	10	31
80748	95416	47	68
80749	95417	41	62
80750	95418	8	29
80750	95419	45	65
80751	95420	1	19
80752	95421	10	29
80753	95422	3	23
80753	95423	43	65
80754	95424	20	41
80754	95425	57	78
80755	95426	10	34
80756	95427	5	26
80756	95428	42	63
80757	95429	59	81
80758	95430	1	23
80758	95431	63	85
80759	95432	3	25
80759	98769	49	69
80760	95433	10	32
80761	95434	10	32
80761	95435	45	66
80762	95436	2	24
80762	95437	38	60
80763	95438	10	32
80763	95439	44	64
80764	95440	1	22
80764	95441	33	54
80765	95442	10	30
80766	95443	3	24
80766	95444	42	61
80767	95445	3	24
80767	98770	35	56
80768	95446	10	33
80769	95447	10	31
80770	95448	10	31
80770	95449	56	77
80771	95450	7	28
80771	95451	43	65
80772	95452	10	32
80773	95453	10	31
80773	95454	44	65
80774	95455	10	30
80774	95456	46	67
80775	95457	12	34
80775	95458	47	68
80776	95459	11	33
80776	95460	48	69
80777	95461	2	24
80777	95462	46	68
80778	95463	5	25
80779	95464	10	31
80779	95465	52	73
80780	95466	3	23
80780	95467	62	82
80781	95468	9	29
80781	95469	49	70
80782	95470	19	39
80782	95471	59	82
80783	95472	10	30
80783	95473	61	82
80784	95474	46	67
80785	95475	12	32
80785	95476	46	66
80786	95477	10	32
80787	95478	9	30
80787	95479	47	66
80788	95480	8	31
80788	95481	48	69
80789	95482	40	57
80790	95483	45	65
80791	95483	45	65
80792	95485	12	33
80792	95486	48	69
80793	95487	48	69
80794	95487	48	69
80795	95489	11	32
80795	95490	47	67
80796	95491	10	31
80797	95492	10	31
80797	95493	54	76
80798	95492	10	31
80798	95493	54	76
80799	95496	16	37
80799	95497	57	78
80800	95498	11	32
80800	95499	51	72
80801	95500	51	72
80802	95501	51	72
80803	95502	13	34
80803	95503	60	81
80804	95504	13	33
80804	95505	46	67
80805	95506	10	31
80805	95507	50	71
80806	95508	13	33
80806	95509	51	73
80807	95510	10	29
80808	95511	44	64
80809	95512	9	29
80809	95513	42	63
80810	95514	12	34
80810	95515	52	73
80811	95516	11	32
80811	95517	51	72
80812	95518	14	35
80812	95519	51	74
80813	95520	10	31
80814	95521	13	34
80814	95522	51	71
80815	95523	10	29
80815	95524	55	76
80816	95525	8	25
80817	95526	7	24
80818	95527	19	42
80818	95528	58	80
80819	95529	9	30
80820	95530	18	38
80820	95531	58	79
80821	95532	9	30
80821	95533	53	74
80822	95534	10	30
80822	95535	41	61
80823	95536	10	31
80823	95537	47	68
80824	95538	10	31
80824	95539	45	66
80825	94174	12	32
80825	93400	57	78
80826	95542	10	30
80826	95543	48	66
80827	95544	60	81
80828	95545	13	34
80828	95546	47	69
80829	95547	10	30
80830	95548	10	30
80830	95549	45	65
81220	96015	64	84
81280	96078	7	27
81281	96079	25	43
81282	96080	26	47
81282	96608	57	77
81283	96081	13	33
81538	96537	21	41
81538	96538	51	70
81539	96539	24	45
81539	96540	62	83
81540	96541	21	44
81540	96542	60	81
81541	96543	21	44
81541	96544	60	80
81542	96545	23	45
81542	96546	58	78
81543	96547	21	42
81543	96548	67	88
81544	96549	21	42
81544	96550	58	79
81546	96553	21	41
81546	96554	70	90
81547	96555	21	42
81547	96556	56	77
81548	96557	21	39
81548	96558	58	76
81549	96559	22	43
81549	96560	54	74
81550	96561	21	44
81550	96562	61	82
81551	96563	21	42
81551	96564	80	101
81552	96565	24	44
81552	96566	62	83
81583	96600	11	33
81584	96601	6	29
81585	96602	11	31
81585	98776	53	75
81586	96603	11	33
81587	96604	11	33
81588	96605	57	78
81589	96606	68	90
81590	96607	11	32
81621	96648	72	92
81622	96649	10	31
81622	96650	52	72
81623	96651	64	86
81624	96652	26	49
81625	96653	47	67
81626	96654	72	93
81627	96655	57	78
81628	96656	60	81
81629	96657	73	94
81630	96658	36	57
81630	96659	70	90
81631	96660	29	50
81631	96661	69	89
81632	96662	27	49
81632	96663	64	86
82499	95502	13	34
82499	95503	60	81
82500	94645	43	60
82501	93377	40	63
82502	93390	14	35
82502	93391	50	72
82503	97841	29	49
82503	97842	66	85
82504	97843	25	45
82504	97844	65	83
82505	97845	68	89
82506	97846	77	97
82512	97855	1	22
82512	97856	37	58
82513	97857	1	21
82513	97858	37	57
82514	97859	1	22
82514	97860	37	58
82515	97861	1	21
82515	97862	37	58
82516	97863	1	24
82516	97864	40	61
82517	97865	1	22
82517	97866	37	58
82518	97867	1	22
82518	97868	39	60
82519	97869	1	22
82519	97870	38	58
82520	97871	1	22
82520	97872	47	68
82521	97873	1	22
82521	97874	38	59
82522	97873	1	22
82522	97874	38	59
82523	97877	1	22
82523	97878	39	60
82524	97879	1	22
82524	97880	38	59
82525	97881	1	22
82525	97882	38	59
82526	97883	1	18
82526	97884	33	53
82527	97885	1	21
82527	97886	34	54
82528	97887	1	21
82528	97888	39	60
82529	97889	1	21
82529	97890	45	63
82530	97891	1	21
82530	97892	38	60
82531	94770	2	22
82531	96478	68	88
82532	97895	1	21
82532	97896	34	54
82533	97897	1	21
82533	97898	45	65
82534	97899	1	18
82534	97900	43	62
82662	98075	52	73
82663	98076	45	66
82664	98077	45	66
82665	98078	8	27
82666	98079	10	33
82667	98080	5	24
82668	98081	10	31
82669	98082	10	31
82670	98083	59	80
82671	98083	53	74
82673	98086	47	68
82674	98087	52	73
82675	98088	5	26
82676	98089	9	30
82677	98090	10	30
82678	98091	9	30
82679	98092	8	29
82680	98092	3	24
82681	98094	9	31
82682	98095	43	64
82683	98096	9	29
82684	98097	54	75
82685	98098	4	25
82686	98099	10	31
82687	98100	10	31
82688	98101	59	80
82689	98102	6	27
82690	98103	10	28
82691	98104	53	74
82692	98105	31	48
82693	98106	10	29
82694	98107	10	31
82695	98108	57	79
82696	98109	10	31
82697	98110	10	31
82698	98111	10	29
82902	98103	10	28
82998	98943	57	76
83134	99083	3	22
83320	99531	1	21
83321	99532	12	32
83322	99533	19	37
83323	99534	3	21
83324	99535	38	59
83325	99536	48	67
83326	99537	58	77
83327	99538	70	90
83328	99539	1	21
83329	99540	13	33
83330	99541	19	37
83331	99542	36	59
83332	99543	38	56
83333	99544	57	80
83334	99545	6	24
83335	99546	77	96
83336	99547	78	97
83337	99548	83	101
83338	99549	2	21
83339	99550	3	20
83340	99551	1	20
83341	99552	39	62
83342	99553	41	59
83955	100446	10	29
83956	100447	60	79
83957	100448	31	48
83968	100459	21	39
83969	100460	71	89
83970	100461	21	39
83971	100462	21	39
83972	100463	71	89
83973	100464	71	89
83974	100465	21	39
83975	100466	71	89
83976	100467	71	89
83987	100631	9	27
84512	101321	5	26
84512	101322	40	61
84513	101323	28	48
84513	101324	64	85
84514	101325	14	37
84514	101326	55	75
84515	101327	20	41
84515	101328	58	78
84516	101329	3	24
84516	101330	44	66
84517	101331	10	31
84517	101332	47	67
84518	101333	17	39
84518	101334	53	73
84519	101335	5	25
84519	101336	40	59
84520	101337	4	25
84520	101338	51	71
84521	101339	2	24
84521	101340	44	65
84522	101341	6	26
84522	101342	46	67
84523	101343	5	25
84523	101344	37	58
84524	101345	15	35
84524	101346	52	73
84525	101347	3	24
84525	101348	32	52
84526	101349	5	27
84526	101350	44	65
84527	101351	9	30
84527	101352	51	72
84528	101353	3	25
84528	101354	42	62
84529	101355	1	23
84529	101356	50	70
84530	101357	3	23
84530	101358	38	57
84808	101747	49	69
84809	101748	11	31
84809	101749	46	67
84810	101750	16	35
84810	101751	49	70
84811	101752	11	32
84812	101753	11	34
84812	101754	53	75
84813	101755	11	31
84814	101756	56	77
84815	101757	67	88
84816	101758	11	33
84817	101759	11	30
84817	101760	47	68
84818	101761	11	32
84819	101762	11	33
84820	101763	11	31
84820	101764	46	67
85271	93403	10	32
85273	99552	39	62
85274	101349	5	27
85274	101350	44	65
85275	101349	5	27
85275	101350	44	65
85276	101349	5	27
85276	101350	44	65
64746	103401	56	77
64777	103402	15	35
64924	103403	9	30
64952	103404	28	49
64957	103405	64	86
65104	103406	15	37
65107	103407	16	37
65119	103408	16	38
65121	103409	15	36
65131	103410	46	68
65142	103411	52	72
65373	103414	15	37
65421	103415	13	34
65423	103416	6	28
65434	103417	50	68
65447	103418	7	29
66323	103498	12	33
66325	103499	13	35
66996	103501	19	41
66997	103502	14	34
67003	103503	13	34
67651	103551	14	35
67654	103552	54	73
67661	103553	15	37
67666	103554	79	99
67673	103555	15	36
67689	103556	15	39
67693	103557	17	39
67714	103558	58	79
67716	103559	50	70
67724	103560	47	67
68056	103561	15	36
68083	103562	25	45
68110	103563	25	46
68111	103564	22	43
68116	103565	25	46
68132	103566	58	80
68133	103567	24	46
68141	103568	51	72
68156	103569	24	45
68164	103570	55	74
68189	103571	54	75
68197	103572	51	72
68200	103573	23	44
68201	103574	8	28
68278	103584	7	25
68283	103585	59	80
68284	103586	55	76
68287	103587	15	33
68298	103588	59	79
68299	103589	72	92
69205	103669	48	69
69210	103670	10	32
69216	103671	11	32
69237	103672	10	30
69244	103673	49	72
69245	103674	11	32
69430	103686	53	74
69923	103687	7	27
69993	103688	15	36
69994	103689	65	85
69998	103690	55	76
70022	103691	11	32
70033	103692	63	81
70034	103693	43	63
70050	103694	49	70
70079	103695	15	37
70081	103696	40	61
70289	103701	50	71
70884	103718	3	24
71925	103886	49	69
71927	103887	51	70
74796	103891	16	37
77590	104024	49	68
77645	104025	48	68
79291	104030	51	70
79536	104033	29	49
79558	104034	3	25
80698	104035	15	36
81584	104038	58	78
81624	104085	67	87
82688	104100	10	31
86149	104108	21	40
86149	104109	65	85
84815	104365	31	53
86372	104373	6	26
86372	104374	42	61
86373	104375	6	28
86373	104376	46	65
86374	104377	6	28
86374	104378	69	89
86375	104379	6	27
86375	104380	45	65
86376	104381	6	28
86376	104382	45	66
86377	104383	6	27
86377	104384	52	72
86378	104385	6	25
86378	104386	38	60
86379	104387	6	27
86379	104388	42	61
86380	104389	6	28
86380	104390	46	68
86381	104391	6	30
86381	104392	52	73
86382	104393	6	26
86382	104394	39	59
86383	104395	6	26
86383	104396	49	70
86384	104397	6	28
86384	104398	41	64
86385	104399	6	27
86385	104400	55	75
86386	104401	6	27
86386	104402	92	113
86387	104403	6	27
86387	104404	42	63
86388	104405	6	27
86388	104406	43	62
86389	104407	6	27
86389	104408	48	70
86390	104409	6	24
86390	104410	44	66
86391	104411	103	123
86392	104412	6	27
86392	104413	42	63
86393	104414	6	29
86393	104415	41	61
86394	104416	6	27
86394	104417	51	71
86395	104418	6	27
86395	104419	49	69
86396	104420	6	29
86396	104421	55	75
86397	104422	6	28
86397	104423	43	63
86398	104424	6	27
86398	104425	51	71
86399	104426	1	22
86399	104427	139	160
86400	104428	6	27
86400	104429	44	65
86401	104430	6	27
86401	104431	45	66
86402	104432	6	28
86402	104433	44	63
86403	104434	6	27
86403	104435	47	68
86404	104436	6	28
86404	104437	44	63
86405	104438	6	27
86405	104439	44	65
86406	104440	6	28
86406	104441	48	68
86407	104442	6	26
86407	104443	49	70
86408	104444	6	28
86408	104445	64	86
86409	104446	6	24
86409	104447	45	65
86410	104448	6	27
86410	104449	41	61
86411	104450	1	25
86411	104451	67	87
86412	104452	6	29
86412	104453	48	69
86413	104454	6	28
86413	104455	45	66
86414	104456	6	28
86414	104457	45	68
86415	104458	6	26
86415	104459	53	73
86416	104460	6	29
86416	104461	40	60
86417	104462	6	27
86417	104463	40	60
86418	104464	6	27
86418	104465	41	63
86419	104466	6	28
86419	104467	53	74
86420	104468	6	30
86420	104469	50	70
86421	104470	6	30
86421	104471	49	69
86422	104472	6	24
86422	104473	37	59
86423	104474	6	28
86423	104475	47	66
86424	104476	6	27
86424	104477	53	73
86425	104478	6	26
86425	104479	39	59
86426	104480	6	28
86426	104481	48	68
86427	104482	6	26
86427	104483	43	64
86428	104484	6	30
86428	104485	46	68
86429	104486	6	27
86429	104487	43	64
86430	104488	6	25
86430	104489	46	67
86431	104490	6	27
86431	104491	61	81
86432	104492	53	73
86432	104493	88	110
86433	104494	6	27
86433	104495	40	61
86434	104496	6	26
86434	104497	45	66
86435	104498	5	28
86435	104499	78	98
86436	104500	1	23
86436	104501	39	59
86437	104502	6	27
86437	104503	47	67
86438	104504	1	21
86438	104505	42	63
86439	104506	6	27
86439	104507	44	63
86440	104508	6	25
86440	104509	47	66
86441	104510	6	29
86441	104511	48	68
86442	104512	6	28
86442	104513	42	62
86443	104514	6	30
86443	104515	49	70
86444	104516	6	28
86444	104517	47	67
86445	104518	6	25
86445	104519	47	69
86446	104520	5	25
86446	104521	59	79
86447	104522	6	28
86447	104523	55	74
86448	104524	6	25
86448	104525	44	65
86449	104526	6	27
86449	104527	44	65
86450	104528	6	26
86450	104529	47	68
86451	104530	6	27
86451	104531	40	62
86452	104532	6	29
86452	104533	43	64
86453	104534	1	22
86453	104535	70	92
86454	104536	6	27
86454	104537	39	59
86455	104538	6	27
86455	104539	96	116
86456	104540	6	28
86456	104541	48	70
86457	104542	2	23
86457	104543	38	58
86458	104544	6	30
86458	104545	44	64
86459	104546	6	28
86459	104547	36	56
86460	104548	6	27
86460	104549	49	70
86461	104550	6	28
86461	104551	41	61
86462	104552	6	26
86462	104553	42	59
86463	104554	6	29
86463	104555	47	65
86464	104556	6	27
86464	104557	44	65
86465	104558	6	27
86465	104559	41	61
86466	104560	6	24
86466	104561	41	62
86467	104562	1	23
86467	104563	54	74
86468	104564	6	25
86468	104565	37	60
86469	104566	6	26
86469	104567	41	61
86470	104568	6	27
86470	104569	43	63
86471	104570	6	27
86471	104571	44	65
86472	104572	6	28
86472	104573	77	98
86473	104574	6	27
86473	104575	39	59
86474	104576	6	27
86474	104577	41	60
86475	104578	6	25
86475	104579	48	67
86476	104580	6	27
86476	104581	48	70
86477	104582	2	25
86477	104583	61	81
86478	104584	6	28
86478	104585	53	72
86479	104586	6	27
86479	104587	41	61
86480	104588	1	21
86480	104589	61	80
86481	104590	6	27
86481	104591	42	64
86482	104592	6	28
86482	104593	59	79
86483	104594	6	27
86483	104595	43	63
86484	104596	6	26
86484	104597	42	64
86485	104598	6	27
86485	104599	37	56
86486	104600	6	27
86486	104601	92	113
86487	104602	6	29
86487	104603	46	67
86488	104604	6	27
86488	104605	52	72
86489	104606	6	27
86489	104607	44	65
86490	104608	131	151
86491	104609	42	62
86492	104610	6	24
86492	104611	41	61
86493	104612	6	27
86493	104613	40	60
86494	104614	6	28
86494	104615	45	66
86495	104616	6	28
86495	104617	45	63
86496	104618	6	28
86496	104619	48	69
86497	104620	1	22
86497	104621	38	57
86498	104622	6	28
86498	104623	47	67
86499	104624	6	26
86499	104625	42	58
86500	104626	6	29
86500	104627	53	74
86501	104628	6	29
86501	104629	49	69
86502	104630	6	30
86502	104631	46	67
86503	104632	6	29
86503	104633	46	67
86504	104634	6	27
86504	104635	73	93
86505	104636	1	22
86505	104637	42	63
86506	104638	6	28
86506	104639	46	68
86507	104640	6	28
86507	104641	42	62
86508	104642	41	62
86509	104643	6	27
86509	104644	40	57
86510	104645	6	27
86510	104646	45	68
86511	104647	64	86
86512	104648	6	29
86512	104649	50	70
86513	104650	6	28
86513	104651	40	60
86514	104652	6	28
86514	104653	48	69
86515	104654	6	28
86515	104655	47	67
86516	104656	6	27
86516	104657	38	58
86517	104658	1	22
86517	104659	38	58
86518	104660	6	24
86518	104661	39	60
86519	104662	6	27
86519	104663	35	56
86520	104664	6	25
86520	104665	40	60
86521	104666	6	27
86521	104667	41	63
86522	104668	6	28
86522	104669	49	71
86523	104670	6	26
86523	104671	45	66
86524	104672	6	27
86524	104673	50	73
86525	104674	6	27
86525	104675	40	60
86526	104676	6	28
86526	104677	46	66
86527	104678	6	27
86527	104679	46	66
86528	104680	6	27
86528	104681	42	62
86529	104682	6	27
86529	104683	51	72
86530	104684	6	27
86530	104685	43	66
86531	104686	6	27
86531	104687	57	78
86532	104688	6	27
86532	104689	54	76
86533	104690	6	30
86533	104691	46	66
86534	104692	6	26
86534	104693	38	58
86535	104694	6	28
86535	104695	45	65
86536	104696	6	25
86536	104697	47	67
86537	104698	6	28
86537	104699	40	59
86538	104700	6	26
86538	104701	42	61
86539	104702	2	20
86539	104703	69	89
86540	104704	1	21
86540	104705	95	115
86541	104706	6	26
86541	104707	48	69
86542	104708	6	29
86542	104709	37	57
86543	104710	6	26
86543	104711	57	78
86758	105129	6	25
86758	105130	43	65
86759	105131	6	27
86759	105132	48	74
86760	105133	1	21
86760	105134	68	87
86761	105135	6	26
86761	105136	38	59
86762	105137	6	26
86762	105138	65	86
86763	105139	2	23
86763	105140	51	72
86764	105141	1	22
86764	105142	43	65
86765	105143	2	22
86765	105144	37	59
86766	105145	6	26
86766	105146	41	61
86820	105231	22	39
86821	105232	1	23
86821	105233	40	60
86822	105234	1	22
86822	105235	35	54
86823	105236	1	23
86823	105237	40	57
86824	105238	1	23
86824	105239	54	73
86825	105240	1	19
86825	105241	38	56
86826	105242	1	23
86826	105243	38	60
86827	105244	1	23
86827	105245	39	60
86828	105246	1	24
86828	105247	51	71
86829	105248	1	23
86829	105249	57	84
86830	105250	1	21
86830	105251	48	66
86831	105252	1	21
86831	105253	32	52
86833	105254	1	18
86833	105255	51	69
87549	106370	46	63
88170	106863	7	25
88334	107101	1	22
88335	107102	55	77
88336	107103	1	19
88337	107104	1	23
88338	107105	44	67
88588	107498	12	33
88588	107499	47	68
88589	107500	20	40
88589	107501	60	80
88590	107502	33	53
88590	107503	71	92
88591	107504	12	33
88591	107505	53	74
88592	107506	26	47
88593	107507	3	23
88594	107508	68	88
88595	107509	61	81
88596	107510	66	88
88597	107511	64	85
88598	107512	9	29
88599	107513	99	120
88600	107514	60	81
88601	107515	36	56
88602	107516	41	61
88603	107517	3	24
88604	107518	3	23
88824	107933	1	22
88825	107934	1	20
88827	107935	56	79
88828	107936	51	68
88829	107937	1	19
88830	107938	1	18
88831	107939	1	21
88965	108132	11	32
88966	108133	11	34
88967	108134	11	31
88968	108135	65	87
88969	108136	53	72
88970	108137	11	31
88971	108138	58	79
88972	108139	11	32
88973	108140	43	66
88974	108141	11	31
88975	108142	11	31
88976	108143	50	71
88977	108144	11	30
88978	108145	67	90
88979	108146	48	68
88980	108147	11	32
88981	108148	11	32
88982	108149	54	76
88983	108150	11	32
88984	108151	36	55
88985	108152	11	30
88986	108153	11	32
88987	108154	48	71
88988	108155	47	70
88989	108156	50	73
88990	108157	44	65
88991	108158	52	74
88992	108159	11	30
88993	108160	11	33
88994	108161	63	85
88995	108162	11	32
88996	108163	11	31
88997	108164	11	33
88998	108165	11	31
88999	108166	11	32
89000	108167	11	33
89001	108168	11	31
89002	108169	49	72
86776	101753	6	29
86776	101754	48	70
86832	78146	1	22
86832	78147	43	63
88171	106863	3	21
88826	107934	1	20
89491	104645	6	27
89491	104646	45	68
89492	108151	36	55
89493	104460	6	29
89493	104461	40	60
89494	104460	6	29
89494	104461	40	60
89495	104638	6	28
89495	104639	46	68
89496	104638	6	28
89496	104639	46	68
65108	103407	22	43
66326	103499	15	37
79359	98591	4	25
64949	108819	27	51
65300	108821	7	28
65331	108822	54	73
69243	109007	10	31
70032	109010	4	27
79438	109104	23	42
80158	109108	16	35
80168	109109	6	25
80234	109110	7	22
80736	94747	1	20
90477	110960	71	91
92371	113018	3	21
92464	113182	13	34
92464	113183	35	56
93377	90923	52	73
93378	81868	55	80
93379	93352	28	48
93380	93377	40	63
93381	93377	40	63
93382	93399	35	58
93383	101762	11	33
93384	101762	11	33
93385	101762	11	33
93386	108149	54	76
93387	81099	47	69
93388	104638	6	28
93388	104639	46	68
93389	98103	10	28
95188	115180	48	70
95189	115181	3	24
95190	115182	33	53
95220	115202	13	33
95221	115202	13	33
95280	115229	51	75
95286	115231	2	20
95287	115232	7	28
95365	115276	15	37
95496	115341	8	29
95552	115395	11	31
95586	115407	60	79
95640	115447	54	76
95641	115448	71	91
95642	81895	13	35
95645	90839	44	66
95646	90839	44	66
64786	115459	11	33
64911	115460	45	65
64959	115461	72	93
65110	115462	61	82
65111	115463	23	45
65195	115464	10	31
65385	115465	12	33
65426	115466	5	27
67669	115478	70	92
67670	115479	16	37
67682	115480	2	22
67684	115481	52	73
67709	115482	15	35
68202	115483	28	49
69220	115486	12	33
69221	115487	48	68
71929	115489	13	34
77561	115202	13	33
77562	115202	13	33
80231	115341	8	29
124559	117742	34	53
125401	117751	61	82
125402	117752	53	74
125403	117753	52	72
125404	117754	24	44
125405	117755	15	36
125406	117756	51	72
125885	118248	21	39
125886	118249	21	40
125887	118250	58	78
125888	118251	21	40
126622	119655	11	32
126981	120170	1	23
126981	120171	64	87
126982	120172	1	25
126982	120173	29	50
126983	120174	1	24
126983	120175	61	83
126984	120176	1	18
126984	120177	44	64
126985	120178	1	19
126985	120179	29	49
126986	120180	1	22
126986	120181	45	68
126987	120182	1	21
126987	120183	37	57
126988	120184	1	21
126988	120185	38	58
126989	120186	1	21
126989	120187	34	55
126990	120188	1	20
126990	120189	36	56
126991	120190	1	20
126991	120191	30	51
127230	120569	1	21
127231	120570	1	24
127232	120571	47	68
127233	120572	2	18
127234	120573	39	59
127235	120574	35	54
127236	120575	1	23
129534	123029	1	21
129534	123030	41	58
130064	123770	11	32
130065	123771	11	31
130066	123772	11	30
132743	128000	14	37
132743	128001	50	71
132744	128002	14	38
132744	128003	54	74
132745	128004	14	35
132745	128005	53	74
132746	128006	14	35
132746	128007	49	70
132957	128386	8	29
132958	128387	15	33
132959	128388	5	28
132960	128389	15	36
132961	128390	9	28
132962	128391	5	24
132963	128392	16	40
132964	128393	13	38
132965	128394	16	36
132966	128395	11	35
132967	128396	16	37
132968	128397	65	84
132969	128398	51	72
132970	128399	65	88
132971	128400	65	89
132972	128401	65	90
132973	128402	49	70
132974	128403	55	73
132975	128404	65	84
132976	128405	66	87
132977	128406	53	74
132981	128410	53	70
132982	128411	1	18
134254	117755	15	36
